   9.1421205e+01	   3.1725116e+02	   5.0492797e+02	   5.8122010e+02	   9.5145117e+02	   1.0185682e+03	   1.2706657e+03	   1.5020115e+03	   1.6752487e+03	   1.8807733e+03	   0.0000000e+00	   0.0000000e+00	   0.0000000e+00	   0.0000000e+00	   0.0000000e+00	   0.0000000e+00	   0.0000000e+00	   0.0000000e+00	   0.0000000e+00	   0.0000000e+00	
   2.9435208e+02	   4.4942963e+02	   7.1053400e+02	   8.9271418e+02	   9.5853625e+02	   1.2318590e+03	   1.5284089e+03	   1.6547812e+03	   1.9723283e+03	   0.0000000e+00	   0.0000000e+00	   0.0000000e+00	   0.0000000e+00	   0.0000000e+00	   0.0000000e+00	   0.0000000e+00	   0.0000000e+00	   0.0000000e+00	   0.0000000e+00	   0.0000000e+00	
   2.8394118e+02	   4.7679082e+02	   5.3045761e+02	   7.2429380e+02	   9.3069831e+02	   1.0932783e+03	   1.5412985e+03	   1.6285237e+03	   1.8697687e+03	   0.0000000e+00	   0.0000000e+00	   0.0000000e+00	   0.0000000e+00	   0.0000000e+00	   0.0000000e+00	   0.0000000e+00	   0.0000000e+00	   0.0000000e+00	   0.0000000e+00	   0.0000000e+00	
   3.7030882e+02	   4.9833657e+02	   7.3024488e+02	   1.0181799e+03	   1.1698249e+03	   1.4323216e+03	   1.6206840e+03	   1.6787223e+03	   1.7447160e+03	   0.0000000e+00	   0.0000000e+00	   0.0000000e+00	   0.0000000e+00	   0.0000000e+00	   0.0000000e+00	   0.0000000e+00	   0.0000000e+00	   0.0000000e+00	   0.0000000e+00	   0.0000000e+00	
   1.5809042e+02	   4.3499832e+02	   5.5217482e+02	   6.5591116e+02	   9.5003406e+02	   1.1903188e+03	   1.4649844e+03	   1.6236466e+03	   1.9735217e+03	   0.0000000e+00	   0.0000000e+00	   0.0000000e+00	   0.0000000e+00	   0.0000000e+00	   0.0000000e+00	   0.0000000e+00	   0.0000000e+00	   0.0000000e+00	   0.0000000e+00	   0.0000000e+00	
   2.2763650e+02	   3.4345257e+02	   4.5807930e+02	   9.2608415e+02	   1.0774359e+03	   1.3362068e+03	   1.5437765e+03	   1.6677251e+03	   1.9063134e+03	   0.0000000e+00	   0.0000000e+00	   0.0000000e+00	   0.0000000e+00	   0.0000000e+00	   0.0000000e+00	   0.0000000e+00	   0.0000000e+00	   0.0000000e+00	   0.0000000e+00	   0.0000000e+00	
   1.8721909e+02	   3.9525703e+02	   7.4251121e+02	   8.9339994e+02	   1.0585555e+03	   1.3021457e+03	   1.4803579e+03	   1.6448419e+03	   0.0000000e+00	   0.0000000e+00	   0.0000000e+00	   0.0000000e+00	   0.0000000e+00	   0.0000000e+00	   0.0000000e+00	   0.0000000e+00	   0.0000000e+00	   0.0000000e+00	   0.0000000e+00	   0.0000000e+00	
   1.3024371e+02	   4.0343707e+02	   6.5180625e+02	   8.5292240e+02	   1.0050281e+03	   1.5799813e+03	   1.6776561e+03	   1.9854952e+03	   0.0000000e+00	   0.0000000e+00	   0.0000000e+00	   0.0000000e+00	   0.0000000e+00	   0.0000000e+00	   0.0000000e+00	   0.0000000e+00	   0.0000000e+00	   0.0000000e+00	   0.0000000e+00	   0.0000000e+00	
   2.0375752e+02	   3.3289889e+02	   4.1048939e+02	   8.2289711e+02	   8.9708844e+02	   1.0190483e+03	   1.4046717e+03	   1.4681992e+03	   1.5882776e+03	   1.9058378e+03	   0.0000000e+00	   0.0000000e+00	   0.0000000e+00	   0.0000000e+00	   0.0000000e+00	   0.0000000e+00	   0.0000000e+00	   0.0000000e+00	   0.0000000e+00	   0.0000000e+00	
   2.3697894e+02	   4.2523303e+02	   5.1894690e+02	   7.6390346e+02	   9.2975759e+02	   1.0308156e+03	   1.4180048e+03	   1.5599366e+03	   1.6229866e+03	   0.0000000e+00	   0.0000000e+00	   0.0000000e+00	   0.0000000e+00	   0.0000000e+00	   0.0000000e+00	   0.0000000e+00	   0.0000000e+00	   0.0000000e+00	   0.0000000e+00	   0.0000000e+00	
   2.9948510e+02	   4.7040989e+02	   8.1369092e+02	   9.0626036e+02	   1.0307692e+03	   1.3462810e+03	   1.6293078e+03	   1.6550266e+03	   1.7686480e+03	   0.0000000e+00	   0.0000000e+00	   0.0000000e+00	   0.0000000e+00	   0.0000000e+00	   0.0000000e+00	   0.0000000e+00	   0.0000000e+00	   0.0000000e+00	   0.0000000e+00	   0.0000000e+00	
   1.4803102e+02	   3.5499773e+02	   4.5688294e+02	   9.5796009e+02	   1.0638190e+03	   1.4828513e+03	   1.6090223e+03	   1.7600474e+03	   1.9590419e+03	   0.0000000e+00	   0.0000000e+00	   0.0000000e+00	   0.0000000e+00	   0.0000000e+00	   0.0000000e+00	   0.0000000e+00	   0.0000000e+00	   0.0000000e+00	   0.0000000e+00	   0.0000000e+00	
   2.3356233e+02	   3.9495142e+02	   5.4325585e+02	   9.2828750e+02	   1.0252536e+03	   1.4483879e+03	   1.5782791e+03	   1.6835881e+03	   1.7523350e+03	   0.0000000e+00	   0.0000000e+00	   0.0000000e+00	   0.0000000e+00	   0.0000000e+00	   0.0000000e+00	   0.0000000e+00	   0.0000000e+00	   0.0000000e+00	   0.0000000e+00	   0.0000000e+00	
   2.5392726e+02	   3.8848245e+02	   5.4862031e+02	   9.5234635e+02	   1.0323959e+03	   1.1275256e+03	   1.3208208e+03	   1.5120235e+03	   1.6634571e+03	   1.9766132e+03	   0.0000000e+00	   0.0000000e+00	   0.0000000e+00	   0.0000000e+00	   0.0000000e+00	   0.0000000e+00	   0.0000000e+00	   0.0000000e+00	   0.0000000e+00	   0.0000000e+00	
   3.7353709e+02	   4.6572493e+02	   8.3824409e+02	   9.1994245e+02	   1.0164838e+03	   1.2495990e+03	   1.5131535e+03	   1.6094701e+03	   0.0000000e+00	   0.0000000e+00	   0.0000000e+00	   0.0000000e+00	   0.0000000e+00	   0.0000000e+00	   0.0000000e+00	   0.0000000e+00	   0.0000000e+00	   0.0000000e+00	   0.0000000e+00	   0.0000000e+00	
   1.4806406e+02	   3.8854429e+02	   5.2439604e+02	   6.4946212e+02	   9.9385688e+02	   1.0590463e+03	   1.1845754e+03	   1.4581500e+03	   1.5441797e+03	   1.7483154e+03	   0.0000000e+00	   0.0000000e+00	   0.0000000e+00	   0.0000000e+00	   0.0000000e+00	   0.0000000e+00	   0.0000000e+00	   0.0000000e+00	   0.0000000e+00	   0.0000000e+00	
   2.8734730e+02	   4.2453747e+02	   7.9292228e+02	   9.1309659e+02	   1.0503793e+03	   1.5359685e+03	   1.6142310e+03	   0.0000000e+00	   0.0000000e+00	   0.0000000e+00	   0.0000000e+00	   0.0000000e+00	   0.0000000e+00	   0.0000000e+00	   0.0000000e+00	   0.0000000e+00	   0.0000000e+00	   0.0000000e+00	   0.0000000e+00	   0.0000000e+00	
   2.2606571e+02	   3.9130026e+02	   5.1677535e+02	   6.1252403e+02	   9.3032330e+02	   1.0144083e+03	   1.5776519e+03	   1.6488579e+03	   1.9819654e+03	   0.0000000e+00	   0.0000000e+00	   0.0000000e+00	   0.0000000e+00	   0.0000000e+00	   0.0000000e+00	   0.0000000e+00	   0.0000000e+00	   0.0000000e+00	   0.0000000e+00	   0.0000000e+00	
   2.6349106e+02	   3.8725198e+02	   5.4340291e+02	   7.6068246e+02	   9.4973262e+02	   1.1347918e+03	   1.1984346e+03	   1.4801290e+03	   1.6438265e+03	   1.9839832e+03	   0.0000000e+00	   0.0000000e+00	   0.0000000e+00	   0.0000000e+00	   0.0000000e+00	   0.0000000e+00	   0.0000000e+00	   0.0000000e+00	   0.0000000e+00	   0.0000000e+00	
   1.1549844e+02	   3.8628971e+02	   4.8899699e+02	   9.4546194e+02	   1.0941374e+03	   1.5550724e+03	   1.6794059e+03	   1.8035096e+03	   0.0000000e+00	   0.0000000e+00	   0.0000000e+00	   0.0000000e+00	   0.0000000e+00	   0.0000000e+00	   0.0000000e+00	   0.0000000e+00	   0.0000000e+00	   0.0000000e+00	   0.0000000e+00	   0.0000000e+00	
   1.4463395e+02	   2.8689728e+02	   4.0688929e+02	   5.5858465e+02	   8.4869114e+02	   8.9240526e+02	   1.0304953e+03	   1.2868014e+03	   1.4860067e+03	   1.7712422e+03	   0.0000000e+00	   0.0000000e+00	   0.0000000e+00	   0.0000000e+00	   0.0000000e+00	   0.0000000e+00	   0.0000000e+00	   0.0000000e+00	   0.0000000e+00	   0.0000000e+00	
   1.8133532e+02	   3.9907732e+02	   4.5884465e+02	   6.9009895e+02	   9.1613752e+02	   1.1135338e+03	   1.4629420e+03	   1.5918372e+03	   0.0000000e+00	   0.0000000e+00	   0.0000000e+00	   0.0000000e+00	   0.0000000e+00	   0.0000000e+00	   0.0000000e+00	   0.0000000e+00	   0.0000000e+00	   0.0000000e+00	   0.0000000e+00	   0.0000000e+00	
   1.1460537e+02	   4.4280048e+02	   5.4303519e+02	   7.3687367e+02	   9.8486922e+02	   1.1219273e+03	   1.2956680e+03	   1.5045517e+03	   1.6993387e+03	   1.9503602e+03	   0.0000000e+00	   0.0000000e+00	   0.0000000e+00	   0.0000000e+00	   0.0000000e+00	   0.0000000e+00	   0.0000000e+00	   0.0000000e+00	   0.0000000e+00	   0.0000000e+00	
   1.3114981e+02	   3.8770030e+02	   5.4612886e+02	   6.2350524e+02	   9.0421692e+02	   1.0895639e+03	   1.3260712e+03	   1.4337745e+03	   1.5742914e+03	   1.9634227e+03	   0.0000000e+00	   0.0000000e+00	   0.0000000e+00	   0.0000000e+00	   0.0000000e+00	   0.0000000e+00	   0.0000000e+00	   0.0000000e+00	   0.0000000e+00	   0.0000000e+00	
   1.5182678e+02	   3.4715126e+02	   4.8088389e+02	   7.7307661e+02	   8.8902346e+02	   9.8310292e+02	   1.1062938e+03	   1.3294197e+03	   1.5973469e+03	   1.7004769e+03	   1.8550386e+03	   0.0000000e+00	   0.0000000e+00	   0.0000000e+00	   0.0000000e+00	   0.0000000e+00	   0.0000000e+00	   0.0000000e+00	   0.0000000e+00	   0.0000000e+00	
   2.7372322e+02	   3.4824983e+02	   4.6063941e+02	   8.2765726e+02	   9.1594878e+02	   1.1035739e+03	   1.3237252e+03	   1.5164124e+03	   1.6798521e+03	   1.7045177e+03	   0.0000000e+00	   0.0000000e+00	   0.0000000e+00	   0.0000000e+00	   0.0000000e+00	   0.0000000e+00	   0.0000000e+00	   0.0000000e+00	   0.0000000e+00	   0.0000000e+00	
   3.0994931e+02	   4.1099786e+02	   5.4110605e+02	   6.4010453e+02	   9.4579753e+02	   1.0164759e+03	   1.2544494e+03	   1.4912264e+03	   1.6244399e+03	   1.8613302e+03	   0.0000000e+00	   0.0000000e+00	   0.0000000e+00	   0.0000000e+00	   0.0000000e+00	   0.0000000e+00	   0.0000000e+00	   0.0000000e+00	   0.0000000e+00	   0.0000000e+00	
   3.3796214e+02	   4.4173342e+02	   5.3748602e+02	   7.9977608e+02	   8.7148509e+02	   1.0377764e+03	   1.3975223e+03	   1.4984734e+03	   1.6352085e+03	   1.8428733e+03	   0.0000000e+00	   0.0000000e+00	   0.0000000e+00	   0.0000000e+00	   0.0000000e+00	   0.0000000e+00	   0.0000000e+00	   0.0000000e+00	   0.0000000e+00	   0.0000000e+00	
   2.6091933e+02	   3.5227594e+02	   4.7907655e+02	   6.0281728e+02	   9.6155145e+02	   1.0655015e+03	   1.3364027e+03	   1.4649729e+03	   1.5591706e+03	   0.0000000e+00	   0.0000000e+00	   0.0000000e+00	   0.0000000e+00	   0.0000000e+00	   0.0000000e+00	   0.0000000e+00	   0.0000000e+00	   0.0000000e+00	   0.0000000e+00	   0.0000000e+00	
   1.3363826e+02	   3.5588262e+02	   4.4005916e+02	   1.0484768e+03	   1.4818965e+03	   1.5677220e+03	   1.8987834e+03	   0.0000000e+00	   0.0000000e+00	   0.0000000e+00	   0.0000000e+00	   0.0000000e+00	   0.0000000e+00	   0.0000000e+00	   0.0000000e+00	   0.0000000e+00	   0.0000000e+00	   0.0000000e+00	   0.0000000e+00	   0.0000000e+00	
   3.6570930e+02	   4.6854180e+02	   5.5037019e+02	   6.6222670e+02	   9.6144403e+02	   1.0437583e+03	   1.2584297e+03	   1.3718145e+03	   1.5547796e+03	   1.6553080e+03	   1.7306889e+03	   0.0000000e+00	   0.0000000e+00	   0.0000000e+00	   0.0000000e+00	   0.0000000e+00	   0.0000000e+00	   0.0000000e+00	   0.0000000e+00	   0.0000000e+00	
   9.0855561e+01	   3.5480289e+02	   5.1032102e+02	   8.0028585e+02	   9.7322135e+02	   1.0184125e+03	   1.2680850e+03	   1.4717599e+03	   1.5837080e+03	   0.0000000e+00	   0.0000000e+00	   0.0000000e+00	   0.0000000e+00	   0.0000000e+00	   0.0000000e+00	   0.0000000e+00	   0.0000000e+00	   0.0000000e+00	   0.0000000e+00	   0.0000000e+00	
   3.7310064e+02	   5.0508774e+02	   8.0327072e+02	   8.7969417e+02	   1.0504958e+03	   1.3006676e+03	   1.5561176e+03	   1.6963815e+03	   0.0000000e+00	   0.0000000e+00	   0.0000000e+00	   0.0000000e+00	   0.0000000e+00	   0.0000000e+00	   0.0000000e+00	   0.0000000e+00	   0.0000000e+00	   0.0000000e+00	   0.0000000e+00	   0.0000000e+00	
   4.9746602e+01	   2.5940348e+02	   3.4100005e+02	   4.4530578e+02	   6.3845414e+02	   9.6847752e+02	   1.0959536e+03	   1.5358385e+03	   1.6302744e+03	   1.7817908e+03	   0.0000000e+00	   0.0000000e+00	   0.0000000e+00	   0.0000000e+00	   0.0000000e+00	   0.0000000e+00	   0.0000000e+00	   0.0000000e+00	   0.0000000e+00	   0.0000000e+00	
   1.6676424e+02	   3.5643450e+02	   4.7563410e+02	   6.8821433e+02	   8.6063549e+02	   1.0255969e+03	   1.1092030e+03	   1.4930259e+03	   1.5692572e+03	   1.8704832e+03	   0.0000000e+00	   0.0000000e+00	   0.0000000e+00	   0.0000000e+00	   0.0000000e+00	   0.0000000e+00	   0.0000000e+00	   0.0000000e+00	   0.0000000e+00	   0.0000000e+00	
   1.3554163e+02	   3.5159241e+02	   4.7851709e+02	   7.5538223e+02	   9.4291331e+02	   1.0501078e+03	   1.3137372e+03	   1.4552926e+03	   1.5686537e+03	   1.9621978e+03	   0.0000000e+00	   0.0000000e+00	   0.0000000e+00	   0.0000000e+00	   0.0000000e+00	   0.0000000e+00	   0.0000000e+00	   0.0000000e+00	   0.0000000e+00	   0.0000000e+00	
   2.2068507e+02	   2.9795127e+02	   5.0449445e+02	   6.3680635e+02	   8.7011077e+02	   9.8486197e+02	   1.0994652e+03	   1.3053167e+03	   1.4497315e+03	   1.5800019e+03	   0.0000000e+00	   0.0000000e+00	   0.0000000e+00	   0.0000000e+00	   0.0000000e+00	   0.0000000e+00	   0.0000000e+00	   0.0000000e+00	   0.0000000e+00	   0.0000000e+00	
   1.5387786e+02	   4.7453444e+02	   8.3668716e+02	   9.2716410e+02	   1.1104464e+03	   1.5923400e+03	   1.6966338e+03	   1.9202137e+03	   0.0000000e+00	   0.0000000e+00	   0.0000000e+00	   0.0000000e+00	   0.0000000e+00	   0.0000000e+00	   0.0000000e+00	   0.0000000e+00	   0.0000000e+00	   0.0000000e+00	   0.0000000e+00	   0.0000000e+00	
   1.6605798e+02	   3.8350071e+02	   5.1026106e+02	   7.6732684e+02	   9.0195935e+02	   1.1152895e+03	   1.2509697e+03	   1.4441016e+03	   1.5382364e+03	   1.6659133e+03	   0.0000000e+00	   0.0000000e+00	   0.0000000e+00	   0.0000000e+00	   0.0000000e+00	   0.0000000e+00	   0.0000000e+00	   0.0000000e+00	   0.0000000e+00	   0.0000000e+00	
   1.2586585e+02	   3.0673954e+02	   4.7178722e+02	   9.6503300e+02	   1.1281588e+03	   1.3385872e+03	   1.4758095e+03	   1.6682810e+03	   0.0000000e+00	   0.0000000e+00	   0.0000000e+00	   0.0000000e+00	   0.0000000e+00	   0.0000000e+00	   0.0000000e+00	   0.0000000e+00	   0.0000000e+00	   0.0000000e+00	   0.0000000e+00	   0.0000000e+00	
   2.2751436e+02	   4.2369924e+02	   5.0438852e+02	   8.4974081e+02	   9.8284019e+02	   1.1174671e+03	   1.1772323e+03	   1.5152853e+03	   1.5980528e+03	   1.8793931e+03	   0.0000000e+00	   0.0000000e+00	   0.0000000e+00	   0.0000000e+00	   0.0000000e+00	   0.0000000e+00	   0.0000000e+00	   0.0000000e+00	   0.0000000e+00	   0.0000000e+00	
   2.3964524e+02	   3.1841359e+02	   4.6591577e+02	   6.9537031e+02	   8.8279759e+02	   9.8827355e+02	   1.2327257e+03	   1.4718150e+03	   1.5651640e+03	   1.8435850e+03	   0.0000000e+00	   0.0000000e+00	   0.0000000e+00	   0.0000000e+00	   0.0000000e+00	   0.0000000e+00	   0.0000000e+00	   0.0000000e+00	   0.0000000e+00	   0.0000000e+00	
   5.0375403e+01	   3.4586947e+02	   5.4931632e+02	   6.2130413e+02	   9.5862396e+02	   1.2303572e+03	   1.5351974e+03	   1.5597037e+03	   0.0000000e+00	   0.0000000e+00	   0.0000000e+00	   0.0000000e+00	   0.0000000e+00	   0.0000000e+00	   0.0000000e+00	   0.0000000e+00	   0.0000000e+00	   0.0000000e+00	   0.0000000e+00	   0.0000000e+00	
   1.6740810e+02	   3.4802051e+02	   4.5838043e+02	   9.6692931e+02	   1.0499343e+03	   1.2650429e+03	   1.4777100e+03	   1.6849141e+03	   1.8862475e+03	   0.0000000e+00	   0.0000000e+00	   0.0000000e+00	   0.0000000e+00	   0.0000000e+00	   0.0000000e+00	   0.0000000e+00	   0.0000000e+00	   0.0000000e+00	   0.0000000e+00	   0.0000000e+00	
   3.2688741e+02	   5.2226972e+02	   7.9896908e+02	   8.9895916e+02	   1.0515457e+03	   1.2485472e+03	   1.4349737e+03	   1.5806097e+03	   1.7521394e+03	   0.0000000e+00	   0.0000000e+00	   0.0000000e+00	   0.0000000e+00	   0.0000000e+00	   0.0000000e+00	   0.0000000e+00	   0.0000000e+00	   0.0000000e+00	   0.0000000e+00	   0.0000000e+00	
   4.4677436e+02	   6.9900559e+02	   9.7906746e+02	   1.1526570e+03	   1.5131540e+03	   1.6217113e+03	   0.0000000e+00	   0.0000000e+00	   0.0000000e+00	   0.0000000e+00	   0.0000000e+00	   0.0000000e+00	   0.0000000e+00	   0.0000000e+00	   0.0000000e+00	   0.0000000e+00	   0.0000000e+00	   0.0000000e+00	   0.0000000e+00	   0.0000000e+00	
   7.6812531e+01	   3.8027009e+02	   5.4964395e+02	   8.4041493e+02	   8.9688912e+02	   1.0728583e+03	   1.1957446e+03	   1.5853939e+03	   1.6663944e+03	   1.7332114e+03	   0.0000000e+00	   0.0000000e+00	   0.0000000e+00	   0.0000000e+00	   0.0000000e+00	   0.0000000e+00	   0.0000000e+00	   0.0000000e+00	   0.0000000e+00	   0.0000000e+00	
   3.7545039e+02	   4.8617599e+02	   7.5140851e+02	   9.8299858e+02	   1.2077348e+03	   1.5343678e+03	   1.6828758e+03	   1.7546150e+03	   0.0000000e+00	   0.0000000e+00	   0.0000000e+00	   0.0000000e+00	   0.0000000e+00	   0.0000000e+00	   0.0000000e+00	   0.0000000e+00	   0.0000000e+00	   0.0000000e+00	   0.0000000e+00	   0.0000000e+00	
   4.0731197e+02	   5.5808575e+02	   8.0526395e+02	   9.8121460e+02	   1.1212002e+03	   1.5073868e+03	   1.7006840e+03	   1.9501463e+03	   0.0000000e+00	   0.0000000e+00	   0.0000000e+00	   0.0000000e+00	   0.0000000e+00	   0.0000000e+00	   0.0000000e+00	   0.0000000e+00	   0.0000000e+00	   0.0000000e+00	   0.0000000e+00	   0.0000000e+00	
   3.4189827e+02	   4.9627933e+02	   6.5386950e+02	   8.8208175e+02	   9.7902388e+02	   1.1219215e+03	   1.2804237e+03	   1.4617434e+03	   1.6089026e+03	   1.6730148e+03	   0.0000000e+00	   0.0000000e+00	   0.0000000e+00	   0.0000000e+00	   0.0000000e+00	   0.0000000e+00	   0.0000000e+00	   0.0000000e+00	   0.0000000e+00	   0.0000000e+00	
   4.4016634e+02	   5.6445353e+02	   6.6754139e+02	   8.6614959e+02	   1.0257016e+03	   1.0979442e+03	   1.2447549e+03	   1.5153412e+03	   1.6690204e+03	   1.7699879e+03	   0.0000000e+00	   0.0000000e+00	   0.0000000e+00	   0.0000000e+00	   0.0000000e+00	   0.0000000e+00	   0.0000000e+00	   0.0000000e+00	   0.0000000e+00	   0.0000000e+00	
   1.9288025e+01	   4.4653653e+02	   5.2982364e+02	   7.4977066e+02	   1.0172907e+03	   1.0917870e+03	   1.3851604e+03	   1.5107560e+03	   1.6198239e+03	   1.9104126e+03	   0.0000000e+00	   0.0000000e+00	   0.0000000e+00	   0.0000000e+00	   0.0000000e+00	   0.0000000e+00	   0.0000000e+00	   0.0000000e+00	   0.0000000e+00	   0.0000000e+00	
   1.8860832e+02	   3.5009375e+02	   5.0378148e+02	   9.2950927e+02	   1.0443276e+03	   1.5137302e+03	   1.8179602e+03	   0.0000000e+00	   0.0000000e+00	   0.0000000e+00	   0.0000000e+00	   0.0000000e+00	   0.0000000e+00	   0.0000000e+00	   0.0000000e+00	   0.0000000e+00	   0.0000000e+00	   0.0000000e+00	   0.0000000e+00	   0.0000000e+00	
   2.6056706e+02	   3.4130853e+02	   4.3858334e+02	   9.8039905e+02	   1.0924623e+03	   1.3114677e+03	   1.5384207e+03	   0.0000000e+00	   0.0000000e+00	   0.0000000e+00	   0.0000000e+00	   0.0000000e+00	   0.0000000e+00	   0.0000000e+00	   0.0000000e+00	   0.0000000e+00	   0.0000000e+00	   0.0000000e+00	   0.0000000e+00	   0.0000000e+00	
   3.1933560e+02	   5.2390163e+02	   5.5165823e+02	   7.3676690e+02	   8.8961173e+02	   1.0783275e+03	   1.1342052e+03	   1.3823287e+03	   1.4789815e+03	   1.6218266e+03	   1.8364968e+03	   0.0000000e+00	   0.0000000e+00	   0.0000000e+00	   0.0000000e+00	   0.0000000e+00	   0.0000000e+00	   0.0000000e+00	   0.0000000e+00	   0.0000000e+00	
   6.1620164e+01	   3.5398990e+02	   4.8845356e+02	   7.5241231e+02	   8.7193331e+02	   1.0040675e+03	   1.1143899e+03	   1.4015797e+03	   1.5122623e+03	   1.6817225e+03	   1.9455820e+03	   0.0000000e+00	   0.0000000e+00	   0.0000000e+00	   0.0000000e+00	   0.0000000e+00	   0.0000000e+00	   0.0000000e+00	   0.0000000e+00	   0.0000000e+00	
   2.3234270e+02	   3.0763063e+02	   4.1956924e+02	   5.6309005e+02	   6.6001661e+02	   9.0902152e+02	   1.0368746e+03	   1.2713587e+03	   1.5577057e+03	   1.6675432e+03	   1.8655921e+03	   0.0000000e+00	   0.0000000e+00	   0.0000000e+00	   0.0000000e+00	   0.0000000e+00	   0.0000000e+00	   0.0000000e+00	   0.0000000e+00	   0.0000000e+00	
   2.9880201e+02	   4.7630597e+02	   8.0916841e+02	   8.6086627e+02	   9.5731667e+02	   1.4826410e+03	   1.6863261e+03	   1.7712248e+03	   0.0000000e+00	   0.0000000e+00	   0.0000000e+00	   0.0000000e+00	   0.0000000e+00	   0.0000000e+00	   0.0000000e+00	   0.0000000e+00	   0.0000000e+00	   0.0000000e+00	   0.0000000e+00	   0.0000000e+00	
   8.2049447e+01	   3.1272792e+02	   4.5109889e+02	   8.9224249e+02	   9.5886654e+02	   1.2148306e+03	   1.4483995e+03	   1.5980075e+03	   1.9021332e+03	   0.0000000e+00	   0.0000000e+00	   0.0000000e+00	   0.0000000e+00	   0.0000000e+00	   0.0000000e+00	   0.0000000e+00	   0.0000000e+00	   0.0000000e+00	   0.0000000e+00	   0.0000000e+00	
   4.0510869e+02	   5.2873445e+02	   9.7445511e+02	   1.0718327e+03	   1.3682562e+03	   1.5497133e+03	   1.6572695e+03	   1.9535141e+03	   0.0000000e+00	   0.0000000e+00	   0.0000000e+00	   0.0000000e+00	   0.0000000e+00	   0.0000000e+00	   0.0000000e+00	   0.0000000e+00	   0.0000000e+00	   0.0000000e+00	   0.0000000e+00	   0.0000000e+00	
   2.0521651e+02	   4.0194518e+02	   5.1364416e+02	   7.2355000e+02	   9.5391106e+02	   1.4276462e+03	   1.6085876e+03	   1.8359275e+03	   0.0000000e+00	   0.0000000e+00	   0.0000000e+00	   0.0000000e+00	   0.0000000e+00	   0.0000000e+00	   0.0000000e+00	   0.0000000e+00	   0.0000000e+00	   0.0000000e+00	   0.0000000e+00	   0.0000000e+00	
   3.5049382e+02	   5.1070549e+02	   9.6155854e+02	   1.0509160e+03	   1.1433146e+03	   1.5547453e+03	   1.6903301e+03	   0.0000000e+00	   0.0000000e+00	   0.0000000e+00	   0.0000000e+00	   0.0000000e+00	   0.0000000e+00	   0.0000000e+00	   0.0000000e+00	   0.0000000e+00	   0.0000000e+00	   0.0000000e+00	   0.0000000e+00	   0.0000000e+00	
   2.7687329e+02	   3.4967343e+02	   4.4607796e+02	   8.2029824e+02	   9.9442556e+02	   1.1183574e+03	   1.3546833e+03	   1.5113606e+03	   1.6084596e+03	   0.0000000e+00	   0.0000000e+00	   0.0000000e+00	   0.0000000e+00	   0.0000000e+00	   0.0000000e+00	   0.0000000e+00	   0.0000000e+00	   0.0000000e+00	   0.0000000e+00	   0.0000000e+00	
   1.0337030e+02	   3.5712316e+02	   4.4447806e+02	   6.2138401e+02	   9.8882961e+02	   1.1273608e+03	   1.3769519e+03	   1.5399614e+03	   1.6193999e+03	   0.0000000e+00	   0.0000000e+00	   0.0000000e+00	   0.0000000e+00	   0.0000000e+00	   0.0000000e+00	   0.0000000e+00	   0.0000000e+00	   0.0000000e+00	   0.0000000e+00	   0.0000000e+00	
   7.1618480e+01	   3.9349146e+02	   4.7747404e+02	   6.6938324e+02	   8.6438563e+02	   9.7658135e+02	   1.1231796e+03	   1.4004470e+03	   1.5312340e+03	   1.6569737e+03	   0.0000000e+00	   0.0000000e+00	   0.0000000e+00	   0.0000000e+00	   0.0000000e+00	   0.0000000e+00	   0.0000000e+00	   0.0000000e+00	   0.0000000e+00	   0.0000000e+00	
   4.0249611e+02	   9.1089973e+02	   1.1045361e+03	   1.2411026e+03	   1.4353426e+03	   1.5511684e+03	   1.6886110e+03	   1.7626455e+03	   0.0000000e+00	   0.0000000e+00	   0.0000000e+00	   0.0000000e+00	   0.0000000e+00	   0.0000000e+00	   0.0000000e+00	   0.0000000e+00	   0.0000000e+00	   0.0000000e+00	   0.0000000e+00	   0.0000000e+00	
   2.9392932e+02	   3.8331493e+02	   5.5896364e+02	   7.2619778e+02	   9.5953248e+02	   1.0501010e+03	   1.2568904e+03	   1.5198329e+03	   1.6569340e+03	   1.7180717e+03	   0.0000000e+00	   0.0000000e+00	   0.0000000e+00	   0.0000000e+00	   0.0000000e+00	   0.0000000e+00	   0.0000000e+00	   0.0000000e+00	   0.0000000e+00	   0.0000000e+00	
   1.7957748e+02	   3.9100881e+02	   5.0271268e+02	   7.1989227e+02	   9.7480221e+02	   1.0816723e+03	   1.5351694e+03	   1.6516199e+03	   1.9714267e+03	   0.0000000e+00	   0.0000000e+00	   0.0000000e+00	   0.0000000e+00	   0.0000000e+00	   0.0000000e+00	   0.0000000e+00	   0.0000000e+00	   0.0000000e+00	   0.0000000e+00	   0.0000000e+00	
   1.3935088e+02	   4.1537724e+02	   5.1558705e+02	   6.9976457e+02	   7.8796117e+02	   8.8438165e+02	   1.0172539e+03	   1.2489898e+03	   1.5567942e+03	   1.5941851e+03	   1.9288192e+03	   0.0000000e+00	   0.0000000e+00	   0.0000000e+00	   0.0000000e+00	   0.0000000e+00	   0.0000000e+00	   0.0000000e+00	   0.0000000e+00	   0.0000000e+00	
   1.6215547e+02	   3.2817474e+02	   5.1411005e+02	   9.5643858e+02	   1.0554734e+03	   1.5669914e+03	   1.8561724e+03	   0.0000000e+00	   0.0000000e+00	   0.0000000e+00	   0.0000000e+00	   0.0000000e+00	   0.0000000e+00	   0.0000000e+00	   0.0000000e+00	   0.0000000e+00	   0.0000000e+00	   0.0000000e+00	   0.0000000e+00	   0.0000000e+00	
   1.7788597e+02	   3.3043894e+02	   5.1874288e+02	   1.0009874e+03	   1.3860947e+03	   1.4866281e+03	   1.6397113e+03	   1.8424464e+03	   0.0000000e+00	   0.0000000e+00	   0.0000000e+00	   0.0000000e+00	   0.0000000e+00	   0.0000000e+00	   0.0000000e+00	   0.0000000e+00	   0.0000000e+00	   0.0000000e+00	   0.0000000e+00	   0.0000000e+00	
   1.9847347e+01	   2.1432775e+02	   3.6948524e+02	   4.6078839e+02	   7.1954702e+02	   9.3656475e+02	   9.9132323e+02	   1.5650367e+03	   1.7048270e+03	   1.9078818e+03	   0.0000000e+00	   0.0000000e+00	   0.0000000e+00	   0.0000000e+00	   0.0000000e+00	   0.0000000e+00	   0.0000000e+00	   0.0000000e+00	   0.0000000e+00	   0.0000000e+00	
   4.3300529e+02	   5.3907202e+02	   6.1393814e+02	   8.5211555e+02	   1.0228563e+03	   1.1983245e+03	   1.5189094e+03	   1.6613194e+03	   0.0000000e+00	   0.0000000e+00	   0.0000000e+00	   0.0000000e+00	   0.0000000e+00	   0.0000000e+00	   0.0000000e+00	   0.0000000e+00	   0.0000000e+00	   0.0000000e+00	   0.0000000e+00	   0.0000000e+00	
   1.2445748e+02	   3.6786416e+02	   4.5019790e+02	   8.7455098e+02	   1.0698319e+03	   1.3207285e+03	   1.5494640e+03	   1.6758627e+03	   1.8744370e+03	   0.0000000e+00	   0.0000000e+00	   0.0000000e+00	   0.0000000e+00	   0.0000000e+00	   0.0000000e+00	   0.0000000e+00	   0.0000000e+00	   0.0000000e+00	   0.0000000e+00	   0.0000000e+00	
   8.0351298e+01	   4.7400296e+02	   5.5684707e+02	   9.2953141e+02	   1.0883185e+03	   1.2075336e+03	   1.5735965e+03	   1.6633131e+03	   1.9291723e+03	   0.0000000e+00	   0.0000000e+00	   0.0000000e+00	   0.0000000e+00	   0.0000000e+00	   0.0000000e+00	   0.0000000e+00	   0.0000000e+00	   0.0000000e+00	   0.0000000e+00	   0.0000000e+00	
   4.0110046e+02	   5.5298496e+02	   8.6113017e+02	   1.0087127e+03	   1.1316118e+03	   1.2780144e+03	   1.5573275e+03	   1.6739097e+03	   1.7835977e+03	   1.9830853e+03	   0.0000000e+00	   0.0000000e+00	   0.0000000e+00	   0.0000000e+00	   0.0000000e+00	   0.0000000e+00	   0.0000000e+00	   0.0000000e+00	   0.0000000e+00	   0.0000000e+00	
   1.5710682e+02	   4.4979185e+02	   5.3856957e+02	   1.0168349e+03	   1.1180322e+03	   1.3394992e+03	   1.5148681e+03	   1.6253881e+03	   0.0000000e+00	   0.0000000e+00	   0.0000000e+00	   0.0000000e+00	   0.0000000e+00	   0.0000000e+00	   0.0000000e+00	   0.0000000e+00	   0.0000000e+00	   0.0000000e+00	   0.0000000e+00	   0.0000000e+00	
   1.9079565e+02	   3.6942685e+02	   5.1870889e+02	   7.1410352e+02	   8.6411062e+02	   1.0475249e+03	   1.1171750e+03	   1.3211387e+03	   1.4948683e+03	   1.5732909e+03	   1.7146956e+03	   0.0000000e+00	   0.0000000e+00	   0.0000000e+00	   0.0000000e+00	   0.0000000e+00	   0.0000000e+00	   0.0000000e+00	   0.0000000e+00	   0.0000000e+00	
   2.9424590e+02	   4.4400117e+02	   5.5413108e+02	   6.5450364e+02	   9.3863139e+02	   1.1077166e+03	   1.1402584e+03	   1.4903296e+03	   1.6847993e+03	   0.0000000e+00	   0.0000000e+00	   0.0000000e+00	   0.0000000e+00	   0.0000000e+00	   0.0000000e+00	   0.0000000e+00	   0.0000000e+00	   0.0000000e+00	   0.0000000e+00	   0.0000000e+00	
   1.9145380e+02	   3.0161416e+02	   4.3573618e+02	   5.4137851e+02	   9.3564006e+02	   1.0975569e+03	   1.4070022e+03	   1.4604870e+03	   1.6002841e+03	   0.0000000e+00	   0.0000000e+00	   0.0000000e+00	   0.0000000e+00	   0.0000000e+00	   0.0000000e+00	   0.0000000e+00	   0.0000000e+00	   0.0000000e+00	   0.0000000e+00	   0.0000000e+00	
   2.0493038e+02	   3.1426981e+02	   5.1201776e+02	   6.8003788e+02	   9.3066939e+02	   1.0641371e+03	   1.4416464e+03	   1.6111061e+03	   1.8002475e+03	   0.0000000e+00	   0.0000000e+00	   0.0000000e+00	   0.0000000e+00	   0.0000000e+00	   0.0000000e+00	   0.0000000e+00	   0.0000000e+00	   0.0000000e+00	   0.0000000e+00	   0.0000000e+00	
   1.4461364e+02	   4.6824093e+02	   5.5087500e+02	   5.9385585e+02	   9.8084397e+02	   1.0445682e+03	   1.3540291e+03	   1.4240181e+03	   1.5429274e+03	   0.0000000e+00	   0.0000000e+00	   0.0000000e+00	   0.0000000e+00	   0.0000000e+00	   0.0000000e+00	   0.0000000e+00	   0.0000000e+00	   0.0000000e+00	   0.0000000e+00	   0.0000000e+00	
   1.9898660e+02	   3.6193850e+02	   4.9578395e+02	   6.5059102e+02	   8.6625950e+02	   9.8864744e+02	   1.5160054e+03	   1.6258899e+03	   1.7734919e+03	   1.9874884e+03	   0.0000000e+00	   0.0000000e+00	   0.0000000e+00	   0.0000000e+00	   0.0000000e+00	   0.0000000e+00	   0.0000000e+00	   0.0000000e+00	   0.0000000e+00	   0.0000000e+00	
   4.4219842e+02	   5.5604189e+02	   5.6843043e+02	   9.9695021e+02	   1.0976545e+03	   1.3330442e+03	   1.5305295e+03	   1.6659065e+03	   0.0000000e+00	   0.0000000e+00	   0.0000000e+00	   0.0000000e+00	   0.0000000e+00	   0.0000000e+00	   0.0000000e+00	   0.0000000e+00	   0.0000000e+00	   0.0000000e+00	   0.0000000e+00	   0.0000000e+00	
   1.2726203e+02	   4.6295596e+02	   4.9061024e+02	   7.4631261e+02	   9.8126000e+02	   1.2867620e+03	   1.5189078e+03	   1.9354870e+03	   0.0000000e+00	   0.0000000e+00	   0.0000000e+00	   0.0000000e+00	   0.0000000e+00	   0.0000000e+00	   0.0000000e+00	   0.0000000e+00	   0.0000000e+00	   0.0000000e+00	   0.0000000e+00	   0.0000000e+00	
   3.9518645e+02	   5.4348051e+02	   6.0725256e+02	   9.2997927e+02	   1.3742806e+03	   1.5029291e+03	   1.6453656e+03	   1.9111026e+03	   0.0000000e+00	   0.0000000e+00	   0.0000000e+00	   0.0000000e+00	   0.0000000e+00	   0.0000000e+00	   0.0000000e+00	   0.0000000e+00	   0.0000000e+00	   0.0000000e+00	   0.0000000e+00	   0.0000000e+00	
   1.6487111e+02	   3.1199210e+02	   4.6274193e+02	   9.2726091e+02	   1.0624641e+03	   1.3413741e+03	   1.5232093e+03	   1.6207609e+03	   0.0000000e+00	   0.0000000e+00	   0.0000000e+00	   0.0000000e+00	   0.0000000e+00	   0.0000000e+00	   0.0000000e+00	   0.0000000e+00	   0.0000000e+00	   0.0000000e+00	   0.0000000e+00	   0.0000000e+00	
   4.6538639e+02	   5.6624259e+02	   5.7662365e+02	   8.6762447e+02	   1.0257678e+03	   1.0905148e+03	   1.1805572e+03	   1.4432153e+03	   1.6102131e+03	   1.8962471e+03	   0.0000000e+00	   0.0000000e+00	   0.0000000e+00	   0.0000000e+00	   0.0000000e+00	   0.0000000e+00	   0.0000000e+00	   0.0000000e+00	   0.0000000e+00	   0.0000000e+00	
   1.9389981e+02	   3.2977857e+02	   4.7816595e+02	   8.8003188e+02	   1.0955131e+03	   1.3228363e+03	   1.4287727e+03	   1.5866576e+03	   1.8677105e+03	   0.0000000e+00	   0.0000000e+00	   0.0000000e+00	   0.0000000e+00	   0.0000000e+00	   0.0000000e+00	   0.0000000e+00	   0.0000000e+00	   0.0000000e+00	   0.0000000e+00	   0.0000000e+00	
   3.6297445e+02	   5.3650859e+02	   6.5246904e+02	   9.6825389e+02	   1.1010073e+03	   1.3673445e+03	   1.4884910e+03	   1.5632140e+03	   0.0000000e+00	   0.0000000e+00	   0.0000000e+00	   0.0000000e+00	   0.0000000e+00	   0.0000000e+00	   0.0000000e+00	   0.0000000e+00	   0.0000000e+00	   0.0000000e+00	   0.0000000e+00	   0.0000000e+00	
   2.6809202e+02	   3.3441494e+02	   4.3021236e+02	   6.1801205e+02	   8.9246461e+02	   1.0458060e+03	   1.5500255e+03	   1.6916686e+03	   0.0000000e+00	   0.0000000e+00	   0.0000000e+00	   0.0000000e+00	   0.0000000e+00	   0.0000000e+00	   0.0000000e+00	   0.0000000e+00	   0.0000000e+00	   0.0000000e+00	   0.0000000e+00	   0.0000000e+00	
   2.3187793e+02	   4.6182047e+02	   5.4279875e+02	   7.7186097e+02	   9.3325518e+02	   1.0394900e+03	   1.4777494e+03	   1.6201001e+03	   1.7826566e+03	   0.0000000e+00	   0.0000000e+00	   0.0000000e+00	   0.0000000e+00	   0.0000000e+00	   0.0000000e+00	   0.0000000e+00	   0.0000000e+00	   0.0000000e+00	   0.0000000e+00	   0.0000000e+00	
   1.2233922e+02	   4.1640880e+02	   4.9086603e+02	   8.3294259e+02	   8.8955370e+02	   9.7358213e+02	   1.3915834e+03	   1.5364080e+03	   1.5875606e+03	   1.9162021e+03	   0.0000000e+00	   0.0000000e+00	   0.0000000e+00	   0.0000000e+00	   0.0000000e+00	   0.0000000e+00	   0.0000000e+00	   0.0000000e+00	   0.0000000e+00	   0.0000000e+00	
   2.2257006e+02	   4.0223528e+02	   4.7688353e+02	   7.3640687e+02	   1.0734080e+03	   1.3126312e+03	   1.6273429e+03	   1.6959447e+03	   1.8614739e+03	   0.0000000e+00	   0.0000000e+00	   0.0000000e+00	   0.0000000e+00	   0.0000000e+00	   0.0000000e+00	   0.0000000e+00	   0.0000000e+00	   0.0000000e+00	   0.0000000e+00	   0.0000000e+00	
   1.3002545e+02	   3.0034396e+02	   3.8456198e+02	   5.4524013e+02	   7.7611312e+02	   9.6732445e+02	   1.0330331e+03	   1.5148317e+03	   1.5813470e+03	   1.9261424e+03	   0.0000000e+00	   0.0000000e+00	   0.0000000e+00	   0.0000000e+00	   0.0000000e+00	   0.0000000e+00	   0.0000000e+00	   0.0000000e+00	   0.0000000e+00	   0.0000000e+00	
   2.8974594e+02	   4.4878243e+02	   8.2623394e+02	   8.7250824e+02	   1.0148967e+03	   1.4398117e+03	   1.6039909e+03	   1.9429339e+03	   0.0000000e+00	   0.0000000e+00	   0.0000000e+00	   0.0000000e+00	   0.0000000e+00	   0.0000000e+00	   0.0000000e+00	   0.0000000e+00	   0.0000000e+00	   0.0000000e+00	   0.0000000e+00	   0.0000000e+00	
   1.3061050e+02	   3.9871706e+02	   5.0773457e+02	   7.7663380e+02	   8.9180418e+02	   1.1185060e+03	   1.4219176e+03	   1.6446938e+03	   1.9764041e+03	   0.0000000e+00	   0.0000000e+00	   0.0000000e+00	   0.0000000e+00	   0.0000000e+00	   0.0000000e+00	   0.0000000e+00	   0.0000000e+00	   0.0000000e+00	   0.0000000e+00	   0.0000000e+00	
   2.7592497e+02	   4.3539580e+02	   7.1009874e+02	   9.2528916e+02	   1.1166540e+03	   1.3221063e+03	   1.5939509e+03	   1.7779554e+03	   0.0000000e+00	   0.0000000e+00	   0.0000000e+00	   0.0000000e+00	   0.0000000e+00	   0.0000000e+00	   0.0000000e+00	   0.0000000e+00	   0.0000000e+00	   0.0000000e+00	   0.0000000e+00	   0.0000000e+00	
   1.8803987e+02	   4.3902922e+02	   4.9815265e+02	   6.2806182e+02	   9.1812586e+02	   1.0068474e+03	   1.2960872e+03	   1.4539573e+03	   1.6005104e+03	   1.6841722e+03	   0.0000000e+00	   0.0000000e+00	   0.0000000e+00	   0.0000000e+00	   0.0000000e+00	   0.0000000e+00	   0.0000000e+00	   0.0000000e+00	   0.0000000e+00	   0.0000000e+00	
   2.3363362e+00	   3.7150018e+02	   9.7327833e+02	   1.0977378e+03	   1.2055662e+03	   1.4989675e+03	   1.5960459e+03	   1.8158447e+03	   0.0000000e+00	   0.0000000e+00	   0.0000000e+00	   0.0000000e+00	   0.0000000e+00	   0.0000000e+00	   0.0000000e+00	   0.0000000e+00	   0.0000000e+00	   0.0000000e+00	   0.0000000e+00	   0.0000000e+00	
   1.2237370e+01	   4.0432237e+02	   4.7969314e+02	   7.8975284e+02	   9.4082607e+02	   1.1280058e+03	   1.2081452e+03	   1.5096501e+03	   1.5763304e+03	   1.6873341e+03	   0.0000000e+00	   0.0000000e+00	   0.0000000e+00	   0.0000000e+00	   0.0000000e+00	   0.0000000e+00	   0.0000000e+00	   0.0000000e+00	   0.0000000e+00	   0.0000000e+00	
   2.6186999e+02	   3.8057129e+02	   4.7109907e+02	   6.0758561e+02	   9.8428234e+02	   1.1469582e+03	   1.4672613e+03	   1.6180283e+03	   1.7357868e+03	   0.0000000e+00	   0.0000000e+00	   0.0000000e+00	   0.0000000e+00	   0.0000000e+00	   0.0000000e+00	   0.0000000e+00	   0.0000000e+00	   0.0000000e+00	   0.0000000e+00	   0.0000000e+00	
   3.3379075e+02	   5.5174183e+02	   8.1138405e+02	   9.0216268e+02	   9.6105268e+02	   1.4995943e+03	   1.6265951e+03	   1.7252654e+03	   0.0000000e+00	   0.0000000e+00	   0.0000000e+00	   0.0000000e+00	   0.0000000e+00	   0.0000000e+00	   0.0000000e+00	   0.0000000e+00	   0.0000000e+00	   0.0000000e+00	   0.0000000e+00	   0.0000000e+00	
   6.2330240e+00	   4.5188203e+02	   5.4934270e+02	   1.0027197e+03	   1.1006044e+03	   1.2377460e+03	   1.5505612e+03	   1.6138579e+03	   1.7486713e+03	   0.0000000e+00	   0.0000000e+00	   0.0000000e+00	   0.0000000e+00	   0.0000000e+00	   0.0000000e+00	   0.0000000e+00	   0.0000000e+00	   0.0000000e+00	   0.0000000e+00	   0.0000000e+00	
   2.3800665e+02	   4.1172859e+02	   5.1358608e+02	   7.2309484e+02	   8.7294218e+02	   1.0165309e+03	   1.0724952e+03	   1.4780938e+03	   1.6231906e+03	   1.7313892e+03	   0.0000000e+00	   0.0000000e+00	   0.0000000e+00	   0.0000000e+00	   0.0000000e+00	   0.0000000e+00	   0.0000000e+00	   0.0000000e+00	   0.0000000e+00	   0.0000000e+00	
   1.3034149e+02	   1.8688149e+02	   4.1824372e+02	   7.9550212e+02	   9.0464170e+02	   1.1122666e+03	   1.3685682e+03	   1.5680140e+03	   1.6885618e+03	   1.8834574e+03	   0.0000000e+00	   0.0000000e+00	   0.0000000e+00	   0.0000000e+00	   0.0000000e+00	   0.0000000e+00	   0.0000000e+00	   0.0000000e+00	   0.0000000e+00	   0.0000000e+00	
   2.5429929e+02	   4.6713818e+02	   5.1607190e+02	   7.6822193e+02	   9.5163084e+02	   1.5070297e+03	   1.6938012e+03	   1.7631620e+03	   0.0000000e+00	   0.0000000e+00	   0.0000000e+00	   0.0000000e+00	   0.0000000e+00	   0.0000000e+00	   0.0000000e+00	   0.0000000e+00	   0.0000000e+00	   0.0000000e+00	   0.0000000e+00	   0.0000000e+00	
   1.0418970e+02	   3.6120162e+02	   4.6383900e+02	   5.9508274e+02	   9.6821533e+02	   1.1245735e+03	   1.4794696e+03	   1.6546768e+03	   0.0000000e+00	   0.0000000e+00	   0.0000000e+00	   0.0000000e+00	   0.0000000e+00	   0.0000000e+00	   0.0000000e+00	   0.0000000e+00	   0.0000000e+00	   0.0000000e+00	   0.0000000e+00	   0.0000000e+00	
   3.4949255e+02	   5.1226854e+02	   7.5611461e+02	   9.4806773e+02	   1.0641322e+03	   1.4633203e+03	   1.6228835e+03	   1.7374768e+03	   0.0000000e+00	   0.0000000e+00	   0.0000000e+00	   0.0000000e+00	   0.0000000e+00	   0.0000000e+00	   0.0000000e+00	   0.0000000e+00	   0.0000000e+00	   0.0000000e+00	   0.0000000e+00	   0.0000000e+00	
   2.7119140e+02	   3.3479443e+02	   4.9407367e+02	   5.7622341e+02	   9.7051313e+02	   1.0658093e+03	   1.5057472e+03	   1.5956613e+03	   1.9227516e+03	   0.0000000e+00	   0.0000000e+00	   0.0000000e+00	   0.0000000e+00	   0.0000000e+00	   0.0000000e+00	   0.0000000e+00	   0.0000000e+00	   0.0000000e+00	   0.0000000e+00	   0.0000000e+00	
   1.0465837e+02	   3.8682064e+02	   5.2024571e+02	   9.9316424e+02	   1.1099902e+03	   1.3852430e+03	   1.4993792e+03	   1.5989301e+03	   1.7801744e+03	   0.0000000e+00	   0.0000000e+00	   0.0000000e+00	   0.0000000e+00	   0.0000000e+00	   0.0000000e+00	   0.0000000e+00	   0.0000000e+00	   0.0000000e+00	   0.0000000e+00	   0.0000000e+00	
   2.7553338e+02	   4.1480956e+02	   5.5690130e+02	   8.0478731e+02	   9.4005706e+02	   1.0805657e+03	   1.2479478e+03	   1.4792675e+03	   1.6334022e+03	   1.9227856e+03	   0.0000000e+00	   0.0000000e+00	   0.0000000e+00	   0.0000000e+00	   0.0000000e+00	   0.0000000e+00	   0.0000000e+00	   0.0000000e+00	   0.0000000e+00	   0.0000000e+00	
   3.7391830e+02	   5.3928161e+02	   6.6402722e+02	   9.7344900e+02	   1.0863126e+03	   1.2267953e+03	   1.5254956e+03	   1.6687136e+03	   1.8882083e+03	   0.0000000e+00	   0.0000000e+00	   0.0000000e+00	   0.0000000e+00	   0.0000000e+00	   0.0000000e+00	   0.0000000e+00	   0.0000000e+00	   0.0000000e+00	   0.0000000e+00	   0.0000000e+00	
   6.8102920e+01	   3.7605827e+02	   4.5037129e+02	   7.7534345e+02	   8.6905953e+02	   1.0376286e+03	   1.1146428e+03	   1.3883499e+03	   1.5367533e+03	   1.6552605e+03	   1.8745273e+03	   0.0000000e+00	   0.0000000e+00	   0.0000000e+00	   0.0000000e+00	   0.0000000e+00	   0.0000000e+00	   0.0000000e+00	   0.0000000e+00	   0.0000000e+00	
   2.0713193e+02	   3.9942780e+02	   5.1812238e+02	   6.9045404e+02	   9.9831894e+02	   1.0920608e+03	   1.3344896e+03	   1.4864055e+03	   1.6170679e+03	   0.0000000e+00	   0.0000000e+00	   0.0000000e+00	   0.0000000e+00	   0.0000000e+00	   0.0000000e+00	   0.0000000e+00	   0.0000000e+00	   0.0000000e+00	   0.0000000e+00	   0.0000000e+00	
   2.3606409e+02	   3.7254855e+02	   5.1157028e+02	   7.9729047e+02	   9.1803473e+02	   9.5822343e+02	   1.3754293e+03	   1.4795417e+03	   1.6179598e+03	   1.8383457e+03	   0.0000000e+00	   0.0000000e+00	   0.0000000e+00	   0.0000000e+00	   0.0000000e+00	   0.0000000e+00	   0.0000000e+00	   0.0000000e+00	   0.0000000e+00	   0.0000000e+00	
   2.1042603e+02	   3.5079083e+02	   5.3412273e+02	   7.2033058e+02	   9.0349189e+02	   1.0768537e+03	   1.2277534e+03	   1.5423926e+03	   1.6528740e+03	   1.9785773e+03	   0.0000000e+00	   0.0000000e+00	   0.0000000e+00	   0.0000000e+00	   0.0000000e+00	   0.0000000e+00	   0.0000000e+00	   0.0000000e+00	   0.0000000e+00	   0.0000000e+00	
   2.3515731e+02	   3.3476729e+02	   4.9205318e+02	   9.0998173e+02	   1.0089746e+03	   1.1204297e+03	   1.1724324e+03	   1.5119924e+03	   1.6168615e+03	   1.8897058e+03	   0.0000000e+00	   0.0000000e+00	   0.0000000e+00	   0.0000000e+00	   0.0000000e+00	   0.0000000e+00	   0.0000000e+00	   0.0000000e+00	   0.0000000e+00	   0.0000000e+00	
   3.5454098e+01	   4.4582515e+02	   5.2816479e+02	   9.6243210e+02	   1.4718049e+03	   1.5613143e+03	   1.6899999e+03	   0.0000000e+00	   0.0000000e+00	   0.0000000e+00	   0.0000000e+00	   0.0000000e+00	   0.0000000e+00	   0.0000000e+00	   0.0000000e+00	   0.0000000e+00	   0.0000000e+00	   0.0000000e+00	   0.0000000e+00	   0.0000000e+00	
   1.6816735e+02	   4.0040349e+02	   4.6165080e+02	   9.1340089e+02	   1.0803517e+03	   1.5364160e+03	   1.6047819e+03	   1.7218405e+03	   1.9468707e+03	   0.0000000e+00	   0.0000000e+00	   0.0000000e+00	   0.0000000e+00	   0.0000000e+00	   0.0000000e+00	   0.0000000e+00	   0.0000000e+00	   0.0000000e+00	   0.0000000e+00	   0.0000000e+00	
   1.6251485e+02	   3.9045705e+02	   4.4886313e+02	   7.1610990e+02	   9.8064953e+02	   1.0257679e+03	   1.3374791e+03	   1.5821832e+03	   0.0000000e+00	   0.0000000e+00	   0.0000000e+00	   0.0000000e+00	   0.0000000e+00	   0.0000000e+00	   0.0000000e+00	   0.0000000e+00	   0.0000000e+00	   0.0000000e+00	   0.0000000e+00	   0.0000000e+00	
   3.4508794e+02	   4.5616277e+02	   9.5537629e+02	   1.0778730e+03	   1.5430112e+03	   1.6838203e+03	   1.8935582e+03	   0.0000000e+00	   0.0000000e+00	   0.0000000e+00	   0.0000000e+00	   0.0000000e+00	   0.0000000e+00	   0.0000000e+00	   0.0000000e+00	   0.0000000e+00	   0.0000000e+00	   0.0000000e+00	   0.0000000e+00	   0.0000000e+00	
   9.3990972e+01	   4.2243567e+02	   5.5522156e+02	   7.3901469e+02	   8.6537552e+02	   1.0708846e+03	   1.1611787e+03	   1.4099902e+03	   1.4884201e+03	   1.5967732e+03	   0.0000000e+00	   0.0000000e+00	   0.0000000e+00	   0.0000000e+00	   0.0000000e+00	   0.0000000e+00	   0.0000000e+00	   0.0000000e+00	   0.0000000e+00	   0.0000000e+00	
   1.1209250e+02	   4.2297910e+02	   5.1440804e+02	   5.7454072e+02	   8.6239270e+02	   9.3225903e+02	   1.1042835e+03	   1.2361173e+03	   1.5577222e+03	   1.9179405e+03	   0.0000000e+00	   0.0000000e+00	   0.0000000e+00	   0.0000000e+00	   0.0000000e+00	   0.0000000e+00	   0.0000000e+00	   0.0000000e+00	   0.0000000e+00	   0.0000000e+00	
   1.3514757e+02	   3.1481556e+02	   5.0444363e+02	   6.8162808e+02	   9.0963777e+02	   1.0578324e+03	   1.2664356e+03	   1.4382116e+03	   1.6383361e+03	   1.9268892e+03	   0.0000000e+00	   0.0000000e+00	   0.0000000e+00	   0.0000000e+00	   0.0000000e+00	   0.0000000e+00	   0.0000000e+00	   0.0000000e+00	   0.0000000e+00	   0.0000000e+00	
   6.5452235e+00	   2.5636942e+02	   4.0939879e+02	   5.3445587e+02	   5.8146881e+02	   9.1884164e+02	   1.0962743e+03	   1.4143817e+03	   1.4414222e+03	   1.5876299e+03	   1.9641067e+03	   0.0000000e+00	   0.0000000e+00	   0.0000000e+00	   0.0000000e+00	   0.0000000e+00	   0.0000000e+00	   0.0000000e+00	   0.0000000e+00	   0.0000000e+00	
   3.6123319e+02	   4.5797923e+02	   7.2705965e+02	   8.7922518e+02	   1.0113043e+03	   1.4849541e+03	   1.6262304e+03	   0.0000000e+00	   0.0000000e+00	   0.0000000e+00	   0.0000000e+00	   0.0000000e+00	   0.0000000e+00	   0.0000000e+00	   0.0000000e+00	   0.0000000e+00	   0.0000000e+00	   0.0000000e+00	   0.0000000e+00	   0.0000000e+00	
   2.5711658e+02	   4.0568841e+02	   5.2515408e+02	   5.9066914e+02	   8.3185571e+02	   1.0252930e+03	   1.1267354e+03	   1.2590628e+03	   1.4216101e+03	   1.5743690e+03	   1.9521035e+03	   0.0000000e+00	   0.0000000e+00	   0.0000000e+00	   0.0000000e+00	   0.0000000e+00	   0.0000000e+00	   0.0000000e+00	   0.0000000e+00	   0.0000000e+00	
   1.1851706e+02	   2.9199216e+02	   4.0385365e+02	   5.3229030e+02	   9.0948760e+02	   1.0590124e+03	   1.1679547e+03	   1.4453188e+03	   1.5708001e+03	   1.7924252e+03	   0.0000000e+00	   0.0000000e+00	   0.0000000e+00	   0.0000000e+00	   0.0000000e+00	   0.0000000e+00	   0.0000000e+00	   0.0000000e+00	   0.0000000e+00	   0.0000000e+00	
   1.6879303e+02	   4.0218691e+02	   4.6779107e+02	   9.0531015e+02	   1.0595213e+03	   1.4537015e+03	   1.6192824e+03	   1.9165359e+03	   0.0000000e+00	   0.0000000e+00	   0.0000000e+00	   0.0000000e+00	   0.0000000e+00	   0.0000000e+00	   0.0000000e+00	   0.0000000e+00	   0.0000000e+00	   0.0000000e+00	   0.0000000e+00	   0.0000000e+00	
   2.7245826e+02	   3.4878191e+02	   5.0814490e+02	   7.2900346e+02	   9.7215091e+02	   1.0730385e+03	   1.2675918e+03	   1.5271929e+03	   1.6302393e+03	   0.0000000e+00	   0.0000000e+00	   0.0000000e+00	   0.0000000e+00	   0.0000000e+00	   0.0000000e+00	   0.0000000e+00	   0.0000000e+00	   0.0000000e+00	   0.0000000e+00	   0.0000000e+00	
   3.0567816e+02	   4.1610453e+02	   5.2459527e+02	   9.9074019e+02	   1.1358767e+03	   1.3890225e+03	   1.4795083e+03	   1.6614384e+03	   1.6948898e+03	   0.0000000e+00	   0.0000000e+00	   0.0000000e+00	   0.0000000e+00	   0.0000000e+00	   0.0000000e+00	   0.0000000e+00	   0.0000000e+00	   0.0000000e+00	   0.0000000e+00	   0.0000000e+00	
   1.3319070e+02	   3.5778987e+02	   4.3226608e+02	   7.0994287e+02	   9.1969620e+02	   1.0301214e+03	   1.2411826e+03	   1.5194123e+03	   0.0000000e+00	   0.0000000e+00	   0.0000000e+00	   0.0000000e+00	   0.0000000e+00	   0.0000000e+00	   0.0000000e+00	   0.0000000e+00	   0.0000000e+00	   0.0000000e+00	   0.0000000e+00	   0.0000000e+00	
   2.2652180e+02	   4.9965914e+02	   5.5450790e+02	   8.6763743e+02	   1.0471787e+03	   1.1102451e+03	   1.2702011e+03	   1.4814593e+03	   1.6428647e+03	   1.8704865e+03	   0.0000000e+00	   0.0000000e+00	   0.0000000e+00	   0.0000000e+00	   0.0000000e+00	   0.0000000e+00	   0.0000000e+00	   0.0000000e+00	   0.0000000e+00	   0.0000000e+00	
   2.3559824e+02	   3.8395680e+02	   4.6871044e+02	   8.6941263e+02	   1.0416374e+03	   1.1465301e+03	   1.4546480e+03	   1.6555739e+03	   1.8227575e+03	   0.0000000e+00	   0.0000000e+00	   0.0000000e+00	   0.0000000e+00	   0.0000000e+00	   0.0000000e+00	   0.0000000e+00	   0.0000000e+00	   0.0000000e+00	   0.0000000e+00	   0.0000000e+00	
   1.1686165e+02	   2.9697993e+02	   4.6082335e+02	   9.7312451e+02	   1.1505827e+03	   1.5703817e+03	   1.6639364e+03	   1.8395412e+03	   0.0000000e+00	   0.0000000e+00	   0.0000000e+00	   0.0000000e+00	   0.0000000e+00	   0.0000000e+00	   0.0000000e+00	   0.0000000e+00	   0.0000000e+00	   0.0000000e+00	   0.0000000e+00	   0.0000000e+00	
   1.3420027e+02	   3.2148544e+02	   3.9188405e+02	   6.4624661e+02	   9.8203137e+02	   1.5049582e+03	   1.8917752e+03	   0.0000000e+00	   0.0000000e+00	   0.0000000e+00	   0.0000000e+00	   0.0000000e+00	   0.0000000e+00	   0.0000000e+00	   0.0000000e+00	   0.0000000e+00	   0.0000000e+00	   0.0000000e+00	   0.0000000e+00	   0.0000000e+00	
   3.8801106e+02	   5.3019244e+02	   6.8836525e+02	   9.5090513e+02	   1.0294906e+03	   1.3561832e+03	   1.5087196e+03	   1.6775698e+03	   1.9371851e+03	   0.0000000e+00	   0.0000000e+00	   0.0000000e+00	   0.0000000e+00	   0.0000000e+00	   0.0000000e+00	   0.0000000e+00	   0.0000000e+00	   0.0000000e+00	   0.0000000e+00	   0.0000000e+00	
   3.6908951e+02	   4.6507175e+02	   6.9017155e+02	   9.7639703e+02	   1.0840585e+03	   1.2687886e+03	   1.5533786e+03	   1.6480122e+03	   1.8704468e+03	   0.0000000e+00	   0.0000000e+00	   0.0000000e+00	   0.0000000e+00	   0.0000000e+00	   0.0000000e+00	   0.0000000e+00	   0.0000000e+00	   0.0000000e+00	   0.0000000e+00	   0.0000000e+00	
   5.6077511e+01	   3.2906436e+02	   5.0334659e+02	   5.8733888e+02	   1.0158620e+03	   1.1094443e+03	   1.2356800e+03	   1.5469288e+03	   1.6028095e+03	   1.7888834e+03	   0.0000000e+00	   0.0000000e+00	   0.0000000e+00	   0.0000000e+00	   0.0000000e+00	   0.0000000e+00	   0.0000000e+00	   0.0000000e+00	   0.0000000e+00	   0.0000000e+00	
   2.4086559e+02	   3.5406067e+02	   5.2429529e+02	   6.3754441e+02	   8.0412783e+02	   8.9873015e+02	   1.0298190e+03	   1.3225730e+03	   1.5466617e+03	   1.6373635e+03	   0.0000000e+00	   0.0000000e+00	   0.0000000e+00	   0.0000000e+00	   0.0000000e+00	   0.0000000e+00	   0.0000000e+00	   0.0000000e+00	   0.0000000e+00	   0.0000000e+00	
   2.0404137e+02	   3.5808593e+02	   4.8203543e+02	   9.8876727e+02	   1.1248090e+03	   1.3452706e+03	   1.4907481e+03	   1.5610326e+03	   0.0000000e+00	   0.0000000e+00	   0.0000000e+00	   0.0000000e+00	   0.0000000e+00	   0.0000000e+00	   0.0000000e+00	   0.0000000e+00	   0.0000000e+00	   0.0000000e+00	   0.0000000e+00	   0.0000000e+00	
   8.4760746e+01	   3.6465350e+02	   4.6149176e+02	   6.3857400e+02	   9.4056517e+02	   1.0585433e+03	   1.3493867e+03	   1.4916858e+03	   1.6102604e+03	   1.8649663e+03	   0.0000000e+00	   0.0000000e+00	   0.0000000e+00	   0.0000000e+00	   0.0000000e+00	   0.0000000e+00	   0.0000000e+00	   0.0000000e+00	   0.0000000e+00	   0.0000000e+00	
   3.4351875e+02	   4.6779164e+02	   5.6086551e+02	   7.5114877e+02	   8.9559974e+02	   1.0067699e+03	   1.3281803e+03	   1.5547833e+03	   1.6812108e+03	   1.7223097e+03	   0.0000000e+00	   0.0000000e+00	   0.0000000e+00	   0.0000000e+00	   0.0000000e+00	   0.0000000e+00	   0.0000000e+00	   0.0000000e+00	   0.0000000e+00	   0.0000000e+00	
   5.5589508e+01	   3.8653502e+02	   4.9445686e+02	   1.0047063e+03	   1.3939701e+03	   1.5273860e+03	   1.7039680e+03	   1.8234977e+03	   0.0000000e+00	   0.0000000e+00	   0.0000000e+00	   0.0000000e+00	   0.0000000e+00	   0.0000000e+00	   0.0000000e+00	   0.0000000e+00	   0.0000000e+00	   0.0000000e+00	   0.0000000e+00	   0.0000000e+00	
   2.1517397e+02	   3.1609022e+02	   4.7918560e+02	   7.7559097e+02	   9.1738090e+02	   1.0616062e+03	   1.2836286e+03	   1.5738244e+03	   1.6225678e+03	   0.0000000e+00	   0.0000000e+00	   0.0000000e+00	   0.0000000e+00	   0.0000000e+00	   0.0000000e+00	   0.0000000e+00	   0.0000000e+00	   0.0000000e+00	   0.0000000e+00	   0.0000000e+00	
   2.0789235e+02	   3.8252854e+02	   4.7568362e+02	   8.1630764e+02	   9.8561529e+02	   1.0984377e+03	   1.3361350e+03	   1.5062866e+03	   1.5816445e+03	   1.7826091e+03	   1.9842081e+03	   0.0000000e+00	   0.0000000e+00	   0.0000000e+00	   0.0000000e+00	   0.0000000e+00	   0.0000000e+00	   0.0000000e+00	   0.0000000e+00	   0.0000000e+00	
   2.5448305e+02	   4.3300355e+02	   5.4550079e+02	   7.3731991e+02	   9.9651786e+02	   1.1308285e+03	   1.2637528e+03	   1.4655740e+03	   1.5290576e+03	   0.0000000e+00	   0.0000000e+00	   0.0000000e+00	   0.0000000e+00	   0.0000000e+00	   0.0000000e+00	   0.0000000e+00	   0.0000000e+00	   0.0000000e+00	   0.0000000e+00	   0.0000000e+00	
   1.1464302e+02	   4.0248509e+02	   5.5984166e+02	   7.7888367e+02	   8.5935132e+02	   1.0094126e+03	   1.1900479e+03	   1.4282773e+03	   1.6082807e+03	   1.8807317e+03	   0.0000000e+00	   0.0000000e+00	   0.0000000e+00	   0.0000000e+00	   0.0000000e+00	   0.0000000e+00	   0.0000000e+00	   0.0000000e+00	   0.0000000e+00	   0.0000000e+00	
   1.9340264e+02	   4.5360533e+02	   4.8882661e+02	   9.7905256e+02	   1.1015325e+03	   1.3078955e+03	   1.5328686e+03	   1.6395556e+03	   0.0000000e+00	   0.0000000e+00	   0.0000000e+00	   0.0000000e+00	   0.0000000e+00	   0.0000000e+00	   0.0000000e+00	   0.0000000e+00	   0.0000000e+00	   0.0000000e+00	   0.0000000e+00	   0.0000000e+00	
   2.4409824e+02	   2.9113168e+02	   5.1772412e+02	   5.6218784e+02	   9.7236356e+02	   1.1211538e+03	   1.2187139e+03	   1.3228971e+03	   1.5446848e+03	   1.6897097e+03	   1.8980733e+03	   0.0000000e+00	   0.0000000e+00	   0.0000000e+00	   0.0000000e+00	   0.0000000e+00	   0.0000000e+00	   0.0000000e+00	   0.0000000e+00	   0.0000000e+00	
   1.3483093e+02	   3.4377833e+02	   5.1025037e+02	   7.3320051e+02	   8.4072805e+02	   9.3919838e+02	   1.1150171e+03	   1.4891152e+03	   1.5901356e+03	   0.0000000e+00	   0.0000000e+00	   0.0000000e+00	   0.0000000e+00	   0.0000000e+00	   0.0000000e+00	   0.0000000e+00	   0.0000000e+00	   0.0000000e+00	   0.0000000e+00	   0.0000000e+00	
   4.7055016e+02	   6.8889701e+02	   9.8813560e+02	   1.0665398e+03	   1.4509657e+03	   1.6311168e+03	   1.6951249e+03	   1.9407001e+03	   0.0000000e+00	   0.0000000e+00	   0.0000000e+00	   0.0000000e+00	   0.0000000e+00	   0.0000000e+00	   0.0000000e+00	   0.0000000e+00	   0.0000000e+00	   0.0000000e+00	   0.0000000e+00	   0.0000000e+00	
   2.6989778e+02	   3.1681007e+02	   3.9061436e+02	   5.6504104e+02	   8.9762342e+02	   1.0606039e+03	   1.1530163e+03	   1.5176717e+03	   1.6803808e+03	   1.6865809e+03	   1.9281814e+03	   0.0000000e+00	   0.0000000e+00	   0.0000000e+00	   0.0000000e+00	   0.0000000e+00	   0.0000000e+00	   0.0000000e+00	   0.0000000e+00	   0.0000000e+00	
   4.1714227e+02	   5.3631220e+02	   8.2096646e+02	   9.9039503e+02	   1.0929922e+03	   1.2869381e+03	   1.3672320e+03	   1.4651841e+03	   1.6013273e+03	   1.9579633e+03	   0.0000000e+00	   0.0000000e+00	   0.0000000e+00	   0.0000000e+00	   0.0000000e+00	   0.0000000e+00	   0.0000000e+00	   0.0000000e+00	   0.0000000e+00	   0.0000000e+00	
   2.4704211e+02	   4.8002800e+02	   5.6467871e+02	   8.4180979e+02	   1.0027870e+03	   1.0865642e+03	   1.1785520e+03	   1.3841114e+03	   1.5375694e+03	   1.6108540e+03	   0.0000000e+00	   0.0000000e+00	   0.0000000e+00	   0.0000000e+00	   0.0000000e+00	   0.0000000e+00	   0.0000000e+00	   0.0000000e+00	   0.0000000e+00	   0.0000000e+00	
   1.8927521e+02	   2.8753366e+02	   4.5065665e+02	   6.7974408e+02	   9.2362877e+02	   9.4831142e+02	   1.0947940e+03	   1.2387456e+03	   1.4221537e+03	   1.5857054e+03	   1.7514945e+03	   0.0000000e+00	   0.0000000e+00	   0.0000000e+00	   0.0000000e+00	   0.0000000e+00	   0.0000000e+00	   0.0000000e+00	   0.0000000e+00	   0.0000000e+00	
   2.7884416e+02	   3.9208182e+02	   9.5594931e+02	   1.0296389e+03	   1.3311368e+03	   1.5803390e+03	   1.6879090e+03	   1.7215439e+03	   0.0000000e+00	   0.0000000e+00	   0.0000000e+00	   0.0000000e+00	   0.0000000e+00	   0.0000000e+00	   0.0000000e+00	   0.0000000e+00	   0.0000000e+00	   0.0000000e+00	   0.0000000e+00	   0.0000000e+00	
   2.8026490e+02	   3.7630927e+02	   5.1708967e+02	   8.4840102e+02	   9.0654454e+02	   1.0801670e+03	   1.4139514e+03	   1.4731697e+03	   1.6422202e+03	   1.9541270e+03	   0.0000000e+00	   0.0000000e+00	   0.0000000e+00	   0.0000000e+00	   0.0000000e+00	   0.0000000e+00	   0.0000000e+00	   0.0000000e+00	   0.0000000e+00	   0.0000000e+00	
   7.3466665e+01	   3.8241744e+02	   4.1461838e+02	   7.5908060e+02	   9.1089375e+02	   1.0492018e+03	   1.5003574e+03	   1.5461471e+03	   1.9275650e+03	   0.0000000e+00	   0.0000000e+00	   0.0000000e+00	   0.0000000e+00	   0.0000000e+00	   0.0000000e+00	   0.0000000e+00	   0.0000000e+00	   0.0000000e+00	   0.0000000e+00	   0.0000000e+00	
   1.3891069e+02	   4.1917505e+02	   5.1416363e+02	   7.0786669e+02	   9.1043801e+02	   1.0683366e+03	   1.3527722e+03	   1.4684654e+03	   1.5507778e+03	   1.9727731e+03	   0.0000000e+00	   0.0000000e+00	   0.0000000e+00	   0.0000000e+00	   0.0000000e+00	   0.0000000e+00	   0.0000000e+00	   0.0000000e+00	   0.0000000e+00	   0.0000000e+00	
   6.7088366e+01	   3.8663906e+02	   8.6811985e+02	   1.0290316e+03	   1.1283340e+03	   1.2832331e+03	   1.4327099e+03	   1.5486184e+03	   1.6929557e+03	   1.7215843e+03	   0.0000000e+00	   0.0000000e+00	   0.0000000e+00	   0.0000000e+00	   0.0000000e+00	   0.0000000e+00	   0.0000000e+00	   0.0000000e+00	   0.0000000e+00	   0.0000000e+00	
   3.3159314e+02	   4.8252674e+02	   7.7781307e+02	   9.0644104e+02	   1.0156821e+03	   1.4629373e+03	   1.5858159e+03	   1.7014501e+03	   0.0000000e+00	   0.0000000e+00	   0.0000000e+00	   0.0000000e+00	   0.0000000e+00	   0.0000000e+00	   0.0000000e+00	   0.0000000e+00	   0.0000000e+00	   0.0000000e+00	   0.0000000e+00	   0.0000000e+00	
   2.4597943e+02	   4.4140162e+02	   4.9894398e+02	   7.9105740e+02	   9.4372549e+02	   1.0716617e+03	   1.3555181e+03	   1.5195288e+03	   1.6729270e+03	   0.0000000e+00	   0.0000000e+00	   0.0000000e+00	   0.0000000e+00	   0.0000000e+00	   0.0000000e+00	   0.0000000e+00	   0.0000000e+00	   0.0000000e+00	   0.0000000e+00	   0.0000000e+00	
   4.5241735e+02	   6.9842435e+02	   9.5952087e+02	   1.5088281e+03	   1.6270967e+03	   0.0000000e+00	   0.0000000e+00	   0.0000000e+00	   0.0000000e+00	   0.0000000e+00	   0.0000000e+00	   0.0000000e+00	   0.0000000e+00	   0.0000000e+00	   0.0000000e+00	   0.0000000e+00	   0.0000000e+00	   0.0000000e+00	   0.0000000e+00	   0.0000000e+00	
   1.6967039e+02	   3.0065798e+02	   4.4700082e+02	   7.7889567e+02	   9.9867745e+02	   1.3233821e+03	   1.5438719e+03	   1.6504053e+03	   1.7436440e+03	   0.0000000e+00	   0.0000000e+00	   0.0000000e+00	   0.0000000e+00	   0.0000000e+00	   0.0000000e+00	   0.0000000e+00	   0.0000000e+00	   0.0000000e+00	   0.0000000e+00	   0.0000000e+00	
   3.8082805e+02	   4.4869031e+02	   9.9730260e+02	   1.0707058e+03	   1.5275477e+03	   1.6449823e+03	   1.9019730e+03	   0.0000000e+00	   0.0000000e+00	   0.0000000e+00	   0.0000000e+00	   0.0000000e+00	   0.0000000e+00	   0.0000000e+00	   0.0000000e+00	   0.0000000e+00	   0.0000000e+00	   0.0000000e+00	   0.0000000e+00	   0.0000000e+00	
   1.7896515e+02	   4.1761534e+02	   5.4294312e+02	   7.6275491e+02	   9.2406822e+02	   1.0766553e+03	   1.2395878e+03	   1.5194105e+03	   1.6211262e+03	   0.0000000e+00	   0.0000000e+00	   0.0000000e+00	   0.0000000e+00	   0.0000000e+00	   0.0000000e+00	   0.0000000e+00	   0.0000000e+00	   0.0000000e+00	   0.0000000e+00	   0.0000000e+00	
